5.73907e-320
335.377
9.9676
20.8532
4.94263
2.68702
3.56402
2.83532
2.14165
0.974264
0.16981
2.42327
6.61031
2.44647
0.993414
2.03387
8.77881
2.0176
4.98303
1.09483
3.05136
3.96805
3.25353
0.35055
0.14002
2.31151
1.75541
5.50613
0.72298
2.42804
0.147685
5.9365
0.369384
6.98841
0.555325
4.17
2.48267
4.52676
0.886554
2.56397
1.43716
2.777
2.47646
0.65462
0.238181
1.41501
0.768185
0.595625
3.09645
2.43873
2.32531
10.5896
0.960752
0.0983477
0.434886
1.38861
2.5574
3.22314
0.66582
2.48633
0.292649
1.1859
0.374024
1.35156
0.242527
0.770198
0.494519
2.8647
0.541844
1.57536
0.115534
2.76179
1.40269
0.493632
1.08008
0.964623
0.866588
0.249691
1.41336
0.773576
3.49078
3.59797
2.04062
0.291899
1.25144
2.11215
2.97608
0.41378
3.87345
0.946254
3.50828
2.09295
1.269
7.55311
1.1007
2.47697
2.11511
4.82514
0.0655286
9.03171
5.36
4.41121
0.776811
2.60787
2.24876
2.15112
0.901129
1.366
1.47029
0.749489
0.397154
1.33214
0.96079
3.41575
2.32516
7.32686
3.19512
1.2728
0.229608
1.86362
0.336539
0.207544
0.502992
6.43438
2.08677
6.14643
3.63152
1.82694
0.998317
2.48456
1.01787
6.38489
0.668573
1.8867
0.192555
2.9751
2.82439
3.28073
0.763613
10.1363
0.70393
3.26063
1.04597
5.37689
1.96462
2.29197
0.570289
1.21794
0.691795
0.246223
1.39268
1.89199
0.227144
1.99462
2.17278
2.55449
0.160194
0.911554
1.7702
1.0416
0.579298
4.10351
0.273355
5.65469
3.93536
1.0026
1.38103
1.51524
0.464521
1.49128
3.15669
4.44134
2.99648
0.119818
0.0824392
3.41285
2.39117
0.241336
0.0921617
0.573892
0.102654
3.05238
0.18522
1.64124
2.46284
1.86674
1.9986
4.62567
0.605315
1.62689
1.01349
1.08946
1.19168
6.90226
3.11085
3.61061
1.1459
2.07317
6.21419
2.42492
0.0183085
2.34958
0.499958
4.5422
2.26814
0.527592
1.48535
2.32364
0.566504
0.928653
1.54381
2.35027
0.907042
2.0204
0.479904
1.86659
4.58127
0.412146
1.05515
1.53155
3.70836
2.85728
0.463955
3.36219
0.427116
2.71921
4.13948
1.87529
1.87128
1.905
0.63316
1.12156
2.21051
0.659599
0.957906
2.23406
3.84259
2.04796
0.0454274
2.36069
1.21856
5.48816
0.667949
4.71936
0.260529
2.01063
2.3113
2.9959
0.15284
4.19097
2.0683
2.01606
0.672241
0.403681
1.92092
1.77314
1.70338
1.77296
1.06212
3.97146
0.0222065
0.610119
1.28264
0.306052
0.480951
3.82475
1.1784
0.170174
5.52526
1.16323
3.77712
5.68761
1.57404
5.81883
1.53104
3.1185
1.81091
5.30173
2.07527
3.02168
1.00612
2.6531
0.471988
3.4814
0.424268
0.974024
2.57277
0.367579
1.45878
4.41038
4.55918
0.494387
0.634464
0.429694
1.25633
1.90522
0.289029
2.85065
1.93496
0.281149
0.0433667
4.94129
3.34686
1.33859
0.993123
6.94603
0.679879
0.695254
3.76931
1.58785
3.39323
1.40409
3.31486
1.61313
2.70773
0.863768
0.350574
2.8441
1.44294
1.34884
4.31066
2.62277
1.51346
3.0328
1.42026
2.72914
0.992448
0.450338
1.59026
4.5199
5.41487
1.84722
2.1235
1.98561
0.506269
4.76694
1.63148
8.04572
0.506401
1.66467
0.192437
0.47362
1.93605
1.77963
0.286327
3.82563
3.13628
1.0512
1.11977
4.79042
14.3228
1.61705
0.890158
2.60916
0.998735
2.0012
1.00573
5.77527
0.0306108
2.39227
1.65378
0.713658
6.41673
3.01485
2.04859
2.09772
0.875183
0.866207
2.4114
1.91488
2.81872
3.46568
5.28882
0.310526
2.92039
1.8214
0.373439
1.24138
0.583305
6.00797
0.526826
0.119475
0.539865
11.4582
1.57507
3.13036
4.08663
0.14888
1.48595
1.76916
5.64124
1.3362
0.838947
2.11558
1.33949
1.54593
0.0101513
5.11802
0.812991
2.31195
2.49496
2.75266
1.07127
1.87674
2.42132
6.34314
0.477541
8.52748
0.662092
0.41671
0.746446
0.495849
0.233785
3.14065
1.44427
2.09738
0.355703
1.13761
3.59544
0.556524
2.20331
9.00135
0.380689
2.32502
1.02646
0.790369
1.1923
3.05416
0.0362752
4.5106
0.0407875
1.38401
4.54334
5.48013
0.954315
1.70427
0.323923
2.25651
2.09943
5.60578
0.0357835
1.55524
4.6194
5.20936
3.00987
5.09583
1.36712
1.31855
0.528443
0.683725
0.624893
4.89865
6.24794
1.68452
0.676043
5.27998
2.3496
2.99633
0.344772
0.337325
0.337096
0.0322437
1.10431
0.400943
1.75097
0.205921
2.11005
7.52975
0.200284
6.45125
1.972
0.584369
7.97334
1.38326
0.670952
0.357907
3.79552
1.18434
2.05853
0.359728
1.97942
2.79596
0.701383
8.39905
2.66508
0.488277
1.0624
6.23081
2.05271
3.81094
0.774208
2.44302
1.12392
6.29726
3.67148
1.50874
6.91067
1.79239
0.68938
